4: [1, 8, 1]
5: [1, 41, 41, 1]
6: [1, 187, 732, 187, 1]
7: [1, 855, 9556, 9556, 855, 1]
8: [1, 4111, 111211, 299882, 111211, 4111, 1]

Characters:
    Braid Matroids on 'n' vertices:

        4: [8, 4, 4, 2, 2]
        5: [41, 15, 9, 5, 3, 3, 1]
        6: [187, 59, 27, 27, 16, 8, 7, 7, 7, 2, 3]
        7: [855, 243, 91, 55, 60, 24, 16, 12, 21, 13, 6, 5, 3, 4, 1]
        8: [4111, 1063, 343, 159, 159, 244, 82, 40, 31, 19, 75, 35,
            35, 12, 15, 16, 8, 4, 9, 9, 2, 3]

    Uniform Matroids (d, n):
        (2, 4): 

Examples:
    Boolean
    Uniform
    Braid
    Thagomizer
    Finite Projective Geometry